1835844065.5985081,0
204682035.20000002
1874031569.1510634,1835844065.5985081
163745628.16000003
1760679559.8423774,1874031569.1510634
1617494397.1824405,1760679559.8423774
1572248163.3979347,1617494397.1824405
1704024559.5840018,1572248163.3979347
130996502.52800003
1500646322.9852712,1704024559.5840018
1472785203.9268405,1500646322.9852712
1531844402.654323,1472785203.9268405
104797202.02240002
1321379909.8984997,1531844402.654323
1287536784.930995,1321379909.8984997
83837761.61792003
1197953951.0833716,1287536784.930995
1122892262.1158266,1197953951.0833716
1243708242.214652,1122892262.1158266
67070209.29433602
1046995482.1610038,1243708242.214652
1050733261.2767484,1046995482.1610038
53656167.43546882
917530606.5926787,1050733261.2767484
890911584.9221594,917530606.5926787
901158397.385541,890911584.9221594
42924933.94837506
812950691.8103133,901158397.385541
766096395.2913737,812950691.8103133
762893248.6902602,766096395.2913737
34339947.15870005
669559793.5038413,762893248.6902602
708283813.6553378,669559793.5038413
27471957.72696004
601291903.8561593,708283813.6553378
553994299.3413076,601291903.8561593
610019395.320993,553994299.3413076
21977566.181568034
503840101.31745267,610019395.320993
494665910.9131562,503840101.31745267
493196934.00329113,494665910.9131562
482708616.08309424,493196934.00329113
502852745.7444258,482708616.08309424
17582052.945254426
370800607.54913515,502852745.7444258
14065642.356203541
315937474.65835387,370800607.54913515
308217158.5044837,315937474.65835387
322357501.34196985,308217158.5044837
11252513.884962834
242042941.63198924,322357501.34196985
202001493.7451055,242042941.63198924
211136007.28607458,202001493.7451055
9002011.107970268
137968094.3591061,211136007.28607458
141536495.01147452,137968094.3591061
7201608.886376214
92165611.50462547,141536495.01147452
43769048.235773094,92165611.50462547
21669992.828977995,43769048.235773094
5761287.109100971
1858685.7625827878,21669992.828977995
78.00002844119207,1858685.7625827878
78.00002749201211,78.00002844119207
78.00002704741648,78.00002749201211
78.00002857076879,78.00002704741648
4609029.687280777
78.00003028146847,78.00002857076879
3687223.7498246217
78.00002788446984,78.00003028146847
78.00002860021903,78.00002788446984
2949778.9998596977
78.00002926974737,78.00002860021903
2359823.199887758
78.00002781985572,78.00002926974737
78.00002804538511,78.00002781985572
1887858.5599102066
78.00002658265731,78.00002804538511
78.00002717982244,78.00002658265731
1510286.8479281655
78.00002751818774,78.00002717982244
1208229.4783425324
78.00002817850417,78.00002751818774
966583.582674026
78.00002778206348,78.00002817850417
78.0000282061552,78.00002778206348
773266.8661392209
78.00002814133448,78.0000282061552
78.00002737307601,78.00002814133448
78.0000270858132,78.00002737307601
78.00002906636313,78.0000270858132
618613.4929113768
78.00002745047804,78.00002906636313
494890.79432910145
78.00002750557623,78.00002745047804
395912.6354632812
78.00002851177743,78.00002750557623
316730.10837062495
78.00002755038112,78.00002851177743
78.00002653159393,78.00002755038112
78.00002672587772,78.00002653159393
253384.08669649996
78.00002689874268,78.00002672587772
202707.26935719998
78.00002984070949,78.00002689874268
162165.81548576
78.00002695454096,78.00002984070949
78.00002920370794,78.00002695454096
129732.652388608
78.00002856954251,78.00002920370794
78.00002800321336,78.00002856954251
103786.1219108864
78.00002818922087,78.00002800321336
83028.89752870913
78.00002864479723,78.00002818922087
66423.1180229673
78.00002777578676,78.00002864479723
78.00002857383876,78.00002777578676
53138.49441837385
78.00002783011537,78.00002857383876
78.00002671882118,78.00002783011537
78.0000283046987,78.00002671882118
42510.79553469908
78.00002800284723,78.0000283046987
78.00002853469425,78.00002800284723
34008.636427759266
78.00002814030972,78.00002853469425
78.00002689958744,78.00002814030972
27206.909142207413
78.00002703479008,78.00002689958744
21765.52731376593
78.00002755546322,78.00002703479008
17412.421851012747
78.00002814340856,78.00002755546322
13929.937480810198
78.00002683071968,78.00002814340856
78.00002870627506,78.00002683071968
11143.94998464816
78.00002870494092,78.00002870627506
78.00002831387843,78.00002870494092
78.00002956332615,78.00002831387843
8915.159987718527
78.00002808156167,78.00002956332615
78.00002905581577,78.00002808156167
7132.127990174822
78.00002756695756,78.00002905581577
5705.702392139858
78.00002665121018,78.00002756695756
78.00002780558033,78.00002665121018
4564.5619137118865
78.00002891348349,78.00002780558033
3651.649530969509
78.00002617702877,78.00002891348349
78.00002752295744,78.00002617702877
2921.3196247756077
78.00002762107763,78.00002752295744
2337.055699820486
78.00002845529397,78.00002762107763
1869.644559856389
78.0000283900795,78.00002845529397
78.00002958343603,78.0000283900795
1495.7156478851111
78.00002874049763,78.00002958343603
78.00002837420614,78.00002874049763
1196.572518308089
78.00002665418899,78.00002837420614
78.00002625075206,78.00002665418899
78.00002618319034,78.00002625075206
78.0000263561007,78.00002618319034
957.2580146464712
78.00002701792633,78.0000263561007
765.8064117171771
78.00002708535936,78.00002701792633
612.6451293737417
78.00002827754163,78.00002708535936
490.1161034989934
78.00002747257422,78.00002827754163
78.00002733679908,78.00002747257422
78.00002771572784,78.00002733679908
392.09288279919474
78.00002789638803,78.00002771572784
313.6743062393558
78.00002871513342,78.00002789638803
250.93944499148466
78.00002798350069,78.00002871513342
78.00002765361023,78.00002798350069
78.00002907696891,78.00002765361023
200.75155599318774
78.00002806544533,78.00002907696891
78.00002754788272,78.00002806544533
78.0000278902987,78.00002754788272
160.6012447945502
78.00002806752705,78.0000278902987
128.4809958356402
78.00002819298146,78.00002806752705
102.78479666851216
78.00002775889693,78.00002819298146
78.00002806536956,78.00002775889693
82.22783733480973
78.00002805440094,78.00002806536956
78.00002746529134,78.00002805440094
78.0000279820531,78.00002746529134
65.78226986784779
78.00002738393718,78.0000279820531
78.00002934426391,78.00002738393718
52.62581589427823
78.00002943724756,78.00002934426391
42.10065271542259
78.00002873748352,78.00002943724756
78.00002889520938,78.00002873748352
33.68052217233807
78.0000289791527,78.00002889520938
26.94441773787046
78.00002941767816,78.0000289791527
21.55553419029637
78.00002831201937,78.00002941767816
17.244427352237096
78.00002868344885,78.00002831201937
13.795541881789678
78.00002877114402,78.00002868344885
11.036433505431743
78.00002807339155,78.00002877114402
78.00002786379521,78.00002807339155
78.00002765021459,78.00002786379521
78.00002772955102,78.00002765021459
8.829146804345395
78.00002861713948,78.00002772955102
7.063317443476317
78.00002867920432,78.00002861713948
5.6506539547810535
78.00002714805122,78.00002867920432
78.0000273260407,78.00002714805122
4.520523163824843
78.00002802200213,78.0000273260407
3.6164185310598747
78.00002881802777,78.00002802200213
2.8931348248479
78.00002842603284,78.00002881802777
78.00002780182221,78.00002842603284
78.00002664366022,78.00002780182221
78.00002705004624,78.00002664366022
2.31450785987832
78.00002953357559,78.00002705004624
1.851606287902656
78.00002801702968,78.00002953357559
78.00002743199634,78.00002801702968
78.00002732099792,78.00002743199634
78.0000283257312,78.00002732099792
1.481285030322125
78.00002842588673,78.0000283257312
1.1850280242577
78.0000290729431,78.00002842588673
0.94802241940616
78.00002924015514,78.0000290729431
0.7584179355249281
78.00002821585751,78.00002924015514
78.00002876325867,78.00002821585751
0.6067343484199426
78.00002916311928,78.00002876325867
0.48538747873595406
78.00002851862703,78.00002916311928
78.00002782723955,78.00002851862703
78.00002846960551,78.00002782723955
0.3883099829887633
78.00002702244174,78.00002846960551
78.00002711631721,78.00002702244174
0.31064798639101066
78.00002688860836,78.00002711631721
0.24851838911280855
78.0000277660617,78.00002688860836
0.19881471129024686
78.00002764059917,78.0000277660617
78.00002768842968,78.00002764059917
0.1590517690321975
78.00002776850795,78.00002768842968
0.12724141522575802
78.00002784786568,78.00002776850795
0.10179313218060643
78.00002673934137,78.00002784786568
78.00002636873178,78.00002673934137
78.00002707213214,78.00002636873178
0.08143450574448514
-------------------------
semilla = 739
[70, 92, 75, 166, 186, 58, 221, 80, 84, 238, 248, 233, 207, 274, 122, 244, 107, 12, 232, 48, 16, 52, 264, 200, 147, 250, 90, 29, 213, 31, 224, 216, 220, 198, 146, 66, 160, 22, 276, 144, 133, 9, 188, 95, 235, 1, 158, 23, 159, 143, 194, 254, 5, 185, 215, 62, 203, 191, 266, 86, 178, 30, 39, 241, 94, 65, 56, 117, 179, 101, 209, 176, 167, 135, 190, 227, 119, 150, ]
Tiempo de ejecucion: PT59.739433150S
-------------------------
1850147291.6877785,0
161061273.60000002
1674162849.7706892,1850147291.6877785
1558947951.0083227,1674162849.7706892
1654554617.3335392,1558947951.0083227
128849018.88000003
1520029573.4593601,1654554617.3335392
1535360253.7674356,1520029573.4593601
103079215.10400003
1287888299.0524783,1535360253.7674356
1315797001.1779974,1287888299.0524783
82463372.08320004
1118093676.6511803,1315797001.1779974
1152950616.985742,1118093676.6511803
65970697.66656003
1056166980.0103725,1152950616.985742
52776558.13324803
886646560.7847762,1056166980.0103725
895595731.9757177,886646560.7847762
42221246.50659843
812442980.7585466,895595731.9757177
777200564.3300425,812442980.7585466
765389162.7495027,777200564.3300425
759254385.1667877,765389162.7495027
768997222.6012851,759254385.1667877
33776997.20527875
713945171.569874,768997222.6012851
710688965.315918,713945171.569874
671546034.3797171,710688965.315918
654126397.2312216,671546034.3797171
27021597.764223
576009927.9810157,654126397.2312216
565632247.6441547,576009927.9810157
563227005.4694611,565632247.6441547
623596460.4914047,563227005.4694611
21617278.2113784
499674106.251757,623596460.4914047
489933683.05581945,499674106.251757
510361391.81700873,489933683.05581945
17293822.56910272
394391696.6887389,510361391.81700873
369022924.2379258,394391696.6887389
353975947.6243051,369022924.2379258
359471742.0764402,353975947.6243051
13835058.055282176
293644328.38904834,359471742.0764402
299280174.6232494,293644328.38904834
11068046.444225742
228869197.1545571,299280174.6232494
178866787.00301164,228869197.1545571
209940094.5704714,178866787.00301164
8854437.155380594
146345336.2497186,209940094.5704714
125750042.02132854,146345336.2497186
102169839.26204002,125750042.02132854
72689245.52270447,102169839.26204002
87766707.06606185,72689245.52270447
7083549.724304475
56105485.4563249,87766707.06606185
5666839.779443581
40497220.16826726,56105485.4563249
41362639.289075725,40497220.16826726
4533471.823554865
28592484.67246087,41362639.289075725
21594208.88738168,28592484.67246087
19900885.524862442,21594208.88738168
19652083.878581047,19900885.524862442
19532168.829702765,19652083.878581047
19304989.019773927,19532168.829702765
19583094.875382103,19304989.019773927
3626777.4588438924
18939570.14394364,19583094.875382103
19500468.17410332,18939570.14394364
2901421.967075114
18761215.45284146,19500468.17410332
19339019.2921906,18761215.45284146
2321137.5736600915
19752575.700957954,19339019.2921906
1856910.0589280734
19998214.924744196,19752575.700957954
1485528.0471424588
19963410.735629115,19998214.924744196
19388033.061489105,19963410.735629115
19343199.378274098,19388033.061489105
19553311.84677503,19343199.378274098
1188422.4377139672
19264612.713923503,19553311.84677503
20409372.409899916,19264612.713923503
950737.9501711738
19281905.7365691,20409372.409899916
760590.3601369391
19382985.24498456,19281905.7365691
608472.2881095513
19140243.065918792,19382985.24498456
20287961.770170085,19140243.065918792
486777.83048764104
18851511.576016646,20287961.770170085
18281564.613604873,18851511.576016646
18250209.719497193,18281564.613604873
18404061.452720657,18250209.719497193
389422.26439011283
18245434.32422268,18404061.452720657
18078291.142957225,18245434.32422268
18099657.744638663,18078291.142957225
311537.81151209027
16662089.906672725,18099657.744638663
249230.2492096722
16282414.705089465,16662089.906672725
16569265.623569272,16282414.705089465
199384.19936773778
16746180.265164545,16569265.623569272
159507.35949419023
15137439.607468558,16746180.265164545
15016815.662311703,15137439.607468558
15573085.693993948,15016815.662311703
127605.8875953522
15410385.922189837,15573085.693993948
15001217.567294298,15410385.922189837
14965496.694528209,15001217.567294298
15035202.871084385,14965496.694528209
102084.71007628176
14638530.625628527,15035202.871084385
81667.76806102542
14271027.535248145,14638530.625628527
14225610.344965197,14271027.535248145
14403962.214685641,14225610.344965197
65334.214448820334
14005138.136014873,14403962.214685641
13567120.5900526,14005138.136014873
13580740.095312258,13567120.5900526
52267.37155905627
13539442.188536666,13580740.095312258
13438876.131599998,13539442.188536666
13509882.10884459,13438876.131599998
41813.89724724502
13516496.947512522,13509882.10884459
33451.11779779602
13409231.632892227,13516496.947512522
26760.894238236815
13341296.03372987,13409231.632892227
13275318.82355957,13341296.03372987
13256897.836163118,13275318.82355957
13249546.665911421,13256897.836163118
13250377.88801123,13249546.665911421
21408.715390589452
13255343.32237816,13250377.88801123
17126.972312471564
13244565.790620105,13255343.32237816
13237021.420380294,13244565.790620105
13245239.97832735,13237021.420380294
13701.577849977251
13244558.00447067,13245239.97832735
13242623.057471825,13244558.00447067
10961.262279981802
13234905.286375076,13242623.057471825
13233717.565344397,13234905.286375076
13234398.124361185,13233717.565344397
8769.009823985441
13233654.257528912,13234398.124361185
13233532.917549198,13233654.257528912
13233970.7966065,13233532.917549198
7015.207859188354
13233601.50101601,13233970.7966065
13233685.9114367,13233601.50101601
5612.166287350683
13233633.154923746,13233685.9114367
13233527.6418979,13233633.154923746
13234107.96354009,13233527.6418979
4489.733029880546
13233627.879272452,13234107.96354009
13233237.481076792,13233627.879272452
13233617.327969857,13233237.481076792
3591.7864239044375
13233733.392298304,13233617.327969857
2873.42913912355
13233369.37235914,13233733.392298304
13234572.220853869,13233369.37235914
2298.74331129884
13232556.922060058,13234572.220853869
13232509.441198427,13232556.922060058
13232509.441198427,13232509.441198427
13232509.441198427,13232509.441198427
13232509.441198427,13232509.441198427
1838.994649039072
13232509.441198427,13232509.441198427
13232509.441198427,13232509.441198427
13232509.441198427,13232509.441198427
13232509.441198427,13232509.441198427
13232509.441198427,13232509.441198427
13232509.441198427,13232509.441198427
13232509.441198427,13232509.441198427
13232509.441198427,13232509.441198427
13232509.441198427,13232509.441198427
13232509.441198427,13232509.441198427
13232509.441198427,13232509.441198427
1471.1957192312577
13232509.441198427,13232509.441198427
13232509.441198427,13232509.441198427
13232509.441198427,13232509.441198427
13232509.441198427,13232509.441198427
13232509.441198427,13232509.441198427
13232509.441198427,13232509.441198427
13232509.441198427,13232509.441198427
13232509.441198427,13232509.441198427
13232509.441198427,13232509.441198427
13232509.441198427,13232509.441198427
13232509.441198427,13232509.441198427
1176.9565753850063
13232509.441198427,13232509.441198427
13232509.441198427,13232509.441198427
13232509.441198427,13232509.441198427
13232509.441198427,13232509.441198427
13232509.441198427,13232509.441198427
13232509.441198427,13232509.441198427
13232509.441198427,13232509.441198427
13232509.441198427,13232509.441198427
13232509.441198427,13232509.441198427
13232509.441198427,13232509.441198427
13232509.441198427,13232509.441198427
941.5652603080051
13232509.441198427,13232509.441198427
13232509.441198427,13232509.441198427
13232509.441198427,13232509.441198427
13232509.441198427,13232509.441198427
13232509.441198427,13232509.441198427
13232509.441198427,13232509.441198427
13232509.441198427,13232509.441198427
13232509.441198427,13232509.441198427
13232509.441198427,13232509.441198427
13232509.441198427,13232509.441198427
13232509.441198427,13232509.441198427
753.2522082464042
13232509.441198427,13232509.441198427
13232509.441198427,13232509.441198427
13232509.441198427,13232509.441198427
13232509.441198427,13232509.441198427
13232509.441198427,13232509.441198427
13232509.441198427,13232509.441198427
13232509.441198427,13232509.441198427
13232509.441198427,13232509.441198427
13232509.441198427,13232509.441198427
13232509.441198427,13232509.441198427
13232509.441198427,13232509.441198427
602.6017665971234
13232509.441198427,13232509.441198427
13232509.441198427,13232509.441198427
13232509.441198427,13232509.441198427
13232509.441198427,13232509.441198427
13232509.441198427,13232509.441198427
13232509.441198427,13232509.441198427
13232509.441198427,13232509.441198427
13232509.441198427,13232509.441198427
13232509.441198427,13232509.441198427
13232509.441198427,13232509.441198427
13232509.441198427,13232509.441198427
482.08141327769874
13232509.441198427,13232509.441198427
13232509.441198427,13232509.441198427
13232509.441198427,13232509.441198427
13232509.441198427,13232509.441198427
13232509.441198427,13232509.441198427
13232509.441198427,13232509.441198427
13232509.441198427,13232509.441198427
13232509.441198427,13232509.441198427
13232509.441198427,13232509.441198427
13232509.441198427,13232509.441198427
13232509.441198427,13232509.441198427
385.66513062215904
13232509.441198427,13232509.441198427
13232509.441198427,13232509.441198427
13232509.441198427,13232509.441198427
13232509.441198427,13232509.441198427
13232509.441198427,13232509.441198427
13232509.441198427,13232509.441198427
13232509.441198427,13232509.441198427
13232509.441198427,13232509.441198427
13232509.441198427,13232509.441198427
13232509.441198427,13232509.441198427
13232509.441198427,13232509.441198427
308.53210449772723
13232509.441198427,13232509.441198427
13232509.441198427,13232509.441198427
13232509.441198427,13232509.441198427
13232509.441198427,13232509.441198427
13232509.441198427,13232509.441198427
13232509.441198427,13232509.441198427
13232509.441198427,13232509.441198427
13232509.441198427,13232509.441198427
13232509.441198427,13232509.441198427
13232509.441198427,13232509.441198427
13232509.441198427,13232509.441198427
246.8256835981818
13232509.441198427,13232509.441198427
13232509.441198427,13232509.441198427
13232509.441198427,13232509.441198427
13232509.441198427,13232509.441198427
13232509.441198427,13232509.441198427
13232509.441198427,13232509.441198427
13232509.441198427,13232509.441198427
13232509.441198427,13232509.441198427
13232509.441198427,13232509.441198427
13232509.441198427,13232509.441198427
13232509.441198427,13232509.441198427
197.46054687854544
13232509.441198427,13232509.441198427
13232509.441198427,13232509.441198427
13232509.441198427,13232509.441198427
13232509.441198427,13232509.441198427
13232509.441198427,13232509.441198427
13232509.441198427,13232509.441198427
13232509.441198427,13232509.441198427
13232509.441198427,13232509.441198427
13232509.441198427,13232509.441198427
13232509.441198427,13232509.441198427
13232509.441198427,13232509.441198427
157.96843750283637
13232509.441198427,13232509.441198427
13232509.441198427,13232509.441198427
13232509.441198427,13232509.441198427
13232509.441198427,13232509.441198427
13232509.441198427,13232509.441198427
13232509.441198427,13232509.441198427
13232509.441198427,13232509.441198427
13232509.441198427,13232509.441198427
13232509.441198427,13232509.441198427
13232509.441198427,13232509.441198427
13232509.441198427,13232509.441198427
126.3747500022691
13232509.441198427,13232509.441198427
13232509.441198427,13232509.441198427
13232509.441198427,13232509.441198427
13232509.441198427,13232509.441198427
13232509.441198427,13232509.441198427
13232509.441198427,13232509.441198427
13232509.441198427,13232509.441198427
13232509.441198427,13232509.441198427
