
temp incial 4.0 - 7.0
static TAMLOTE: usize = 1000;
static EPSILON: f64 = 0.001;
static EPSILON_P: f64 = 0.0001;
static EPSILON_T: f64 = 0.0001;
static PHI: f64 = 0.9;
static P: f64 = 0.85;
static N: usize = 700; // pal 400

temp inicial 13.0
static TAMLOTE: usize = 200;
static EPSILON: f64 = 0.04;
static EPSILON_P: f64 = 0.0001;
static EPSILON_T: f64 = 0.0001;
static PHI: f64 = 0.9;
static P: f64 = 0.85;
static N: usize = 200;// coso de 40


Semilla: 140, f_obj_min: 0.24423777231271548

Semilla: 326, f_obj_min: 0.2292737027493854
[796, 1046, 35, 812, 601, 768, 625, 382, 290, 840, 777, 543, 422, 876, 757, 46, 980, 452, 104, 922, 414, 258, 1063, 113, 407, 441, 910, 741, 999, 564, 123, 1090, 334, 890, 871, 1025, 141, 1034, 242, 415, 1083, 853, 906, 372, 735, 40, 69, 943, 792, 346, 470, 940, 406, 863, 138, 317, 83, 231, 722, 1031, 339, 137, 359, 360, 324, 12, 107, 151, 529, 299, 412, 627, 637, 86, 814, 960, 326, 628, 679, 442, 503, 243, 437, 583, 515, 410, 498, 669, 310, 664, 566, 534, 117, 337, 462, 454, 780, 923, 1067, 313, 700, 1011, 1072, 494, 681, 404, 565, 996, 1037, 395, 1048, 854, 541, 10, 263, 773, 298, 275, 970, 1009, 93, 761, 701, 552, 480, 955, 992, 94, 546, 177, 398, 1062, 109, 342, 803, 119, 743, 302, 920, 115, 221, 822, 1001, 74, 408, 438, 297, 697, 285, 50, 710, 255, 1085, 492, 365, 142, 203, 817, 877, 626, 223, 43, 149, 63, 279, 598, 333, 1010, 449, 33, 319, 1079, 256, 981, 469, 991, 369, 473, 591, 1077, 1087, 185, 717, 430, 638, 858, 121, 332, 181, 145, 345, 872, 654, 576, 606, 678, 695, 900, 694, 823, 222, 740, 322, 860, 371, 447, 366, 158, 213, 957, 266, 759, 593, 526, 978, 303, 915, 6, 399, 159, 1070, 133, 308, 269, 419, 718, 261, 782, 673, 848, 433, 574, 1069, 431, 839, 280, 400, 924, 281, 463, 79, 111, 508, 519, 899, 1006, 611, 897, 1022, 797, 484, 844, 95, 829, 639, 832, 719, 233, 278, 9, 245, 477, 892, 114, 34, 895, 650, 358, 1060, 305, 935, 257, 837, 193, 770, 262, 464, 246, 456, 1082, 323, 995, 615, 880, 621, 499, 964, 1016, 272, 644, 90, 562, 1012, 893, 766, 1091, 62, 347, 235, 52, 675, 520, 44, 73, 973, 475, 772, 180, 1002, 189, 423, 453, 289, 156, 690, 785, 341, 1043, 781, 234, 582, 881, 535, 1008, 13, 478, 1057, 620, 916, 101, 212, 575, 711, 865, 545, 630, 568, 497, 194, 39, 936, 830, ]

funcion de costo : 0.2005570380099614
[830, 534, 566, 117, 337, 462, 865, 545, 630, 568, 664, 310, 669, 39, 936, 194, 497, 498, 410, 515, 583, 916, 620, 1057, 437, 243, 478, 503, 442, 13, 1008, 535, 881, 679, 582, 234, 326, 628, 565, 992, 494, 955, 701, 552, 480, 1011, 454, 780, 923, 700, 313, 1067, 1072, 711, 575, 212, 101, 681, 404, 960, 781, 177, 109, 1062, 546, 94, 761, 86, 221, 299, 529, 44, 151, 107, 12, 675, 520, 722, 1031, 339, 137, 324, 360, 359, 697, 922, 414, 141, 1025, 768, 625, 290, 382, 601, 812, 35, 999, 741, 796, 1046, 246, 456, 1082, 323, 995, 880, 1085, 710, 255, 138, 406, 863, 735, 40, 372, 317, 50, 83, 258, 906, 1063, 113, 407, 441, 910, 123, 564, 871, 1090, 890, 334, 1034, 242, 415, 853, 1083, 285, 840, 104, 452, 777, 543, 422, 876, 757, 46, 980, 297, 438, 408, 74, 822, 115, 920, 412, 627, 637, 73, 93, 1009, 970, 973, 298, 275, 475, 773, 10, 541, 263, 854, 395, 1048, 772, 180, 1002, 189, 423, 453, 289, 156, 690, 785, 341, 1043, 996, 1037, 814, 398, 342, 803, 119, 743, 302, 1001, 231, 492, 365, 499, 964, 1016, 272, 142, 203, 644, 90, 817, 877, 526, 978, 303, 133, 473, 717, 654, 606, 823, 694, 678, 695, 900, 181, 145, 332, 345, 872, 858, 638, 430, 121, 449, 33, 1010, 333, 598, 279, 63, 149, 626, 223, 43, 593, 6, 915, 399, 159, 1070, 759, 469, 981, 319, 1079, 256, 991, 369, 266, 185, 957, 213, 269, 158, 366, 447, 576, 371, 860, 782, 895, 261, 718, 419, 308, 1087, 591, 1077, 1091, 62, 562, 347, 621, 615, 770, 262, 464, 837, 193, 257, 935, 305, 1060, 519, 508, 899, 1006, 611, 897, 1022, 797, 484, 844, 95, 829, 639, 719, 832, 233, 278, 9, 463, 281, 111, 79, 924, 400, 574, 839, 433, 848, 673, 34, 892, 114, 222, 740, 322, 245, 477, 431, 1069, 280, 358, 650, 893, 766, 1012, 235, 52, 940, 470, 69, 943, 792, 346, ]

no recuerdo la eval de esta, la de arriba es mejor
[123, 564, 1090, 890, 1025, 141, 414, 415, 1034, 242, 906, 853, 1083, 922, 285, 231, 697, 104, 452, 297, 74, 86, 920, 412, 627, 973, 298, 275, 475, 773, 10, 263, 541, 854, 1048, 395, 1037, 996, 814, 177, 398, 1062, 109, 342, 803, 119, 94, 546, 761, 743, 302, 221, 115, 822, 1001, 408, 438, 980, 46, 757, 876, 422, 543, 777, 840, 382, 290, 625, 768, 601, 871, 334, 910, 441, 880, 621, 615, 995, 323, 741, 999, 796, 812, 35, 1046, 1082, 456, 246, 464, 262, 770, 257, 193, 837, 935, 305, 1060, 79, 111, 281, 463, 9, 431, 1069, 574, 400, 280, 839, 433, 848, 895, 718, 261, 782, 673, 34, 892, 477, 245, 740, 322, 114, 860, 371, 447, 366, 158, 269, 213, 957, 185, 266, 717, 121, 430, 638, 858, 872, 345, 332, 145, 181, 900, 695, 678, 694, 823, 606, 654, 576, 222, 278, 233, 832, 719, 639, 829, 95, 844, 484, 797, 1022, 897, 611, 1006, 899, 519, 508, 924, 358, 650, 419, 308, 1087, 591, 1077, 473, 133, 399, 915, 6, 1070, 159, 981, 469, 759, 369, 991, 256, 1079, 319, 33, 449, 1010, 333, 598, 279, 63, 149, 223, 626, 43, 593, 303, 978, 526, 877, 817, 52, 940, 735, 40, 863, 406, 138, 255, 317, 372, 83, 258, 113, 1063, 407, 50, 710, 1085, 492, 365, 964, 499, 90, 62, 1091, 562, 1012, 893, 766, 347, 1016, 272, 142, 203, 644, 235, 470, 69, 346, 792, 943, 722, 1031, 675, 520, 12, 324, 339, 137, 360, 359, 107, 151, 44, 529, 299, 637, 73, 970, 93, 1009, 772, 180, 1002, 189, 423, 453, 289, 156, 690, 785, 341, 1043, 781, 960, 234, 326, 628, 582, 679, 404, 565, 992, 955, 701, 552, 480, 454, 780, 923, 313, 1067, 865, 462, 337, 117, 534, 566, 664, 310, 669, 936, 39, 568, 630, 545, 212, 101, 681, 494, 1011, 700, 1072, 711, 575, 916, 620, 1057, 1008, 13, 535, 881, 442, 503, 478, 243, 437, 583, 515, 410, 498, 497, 194, 830, ]
