-------------------------
semilla = 594
funcion de costo : 78.00000000001033
[248, 133, 144, 80, 221, 160, 250, 194, 254, 62, 159, 90, 215, 23, 224, 31, 58, 166, 238, 52, 244, 191, 12, 232, 266, 150, 135, 190, 227, 167, 176, 119, 56, 94, 241, 30, 117, 179, 39, 101, 209, 65, 178, 86, 107, 92, 70, 16, 233, 48, 207, 264, 274, 66, 147, 122, 158, 1, 9, 84, 143, 203, 5, 22, 95, 188, 213, 185, 186, 235, 220, 276, 29, 198, 216, 146, 200, 75, ]
Tiempo de ejecucion: PT0.240174596S
-------------------------
Tiempo de ejecucion: PT0.178515723S
-------------------------
-------------------------
semilla = 7
funcion de costo : 78.00000000001194
[166, 58, 122, 29, 23, 9, 5, 186, 221, 146, 213, 80, 84, 147, 66, 203, 12, 207, 48, 150, 167, 94, 101, 179, 56, 241, 39, 117, 30, 176, 135, 190, 227, 119, 178, 65, 209, 86, 266, 233, 238, 194, 143, 215, 274, 70, 52, 191, 75, 92, 16, 107, 244, 250, 185, 276, 144, 22, 248, 200, 264, 232, 254, 62, 31, 224, 188, 95, 235, 220, 198, 216, 160, 90, 159, 1, 158, 133, ]
Tiempo de ejecucion: PT0.233510922S
-------------------------
-------------------------
semilla = 498
funcion de costo : 78.00000000001079
[194, 160, 146, 1, 9, 122, 158, 188, 159, 235, 29, 213, 186, 58, 221, 80, 166, 203, 233, 266, 86, 209, 101, 94, 167, 178, 176, 56, 39, 117, 179, 65, 241, 30, 119, 227, 190, 135, 150, 107, 70, 191, 48, 232, 12, 207, 248, 23, 22, 84, 238, 250, 244, 52, 216, 220, 198, 31, 5, 264, 274, 90, 254, 133, 147, 143, 185, 62, 215, 276, 95, 144, 224, 66, 200, 75, 92, 16, ]
Tiempo de ejecucion: PT0.225731778S
-------------------------
-------------------------
semilla = 875
funcion de costo : 78.00000000001073
[241, 39, 30, 117, 56, 119, 150, 12, 232, 264, 166, 75, 200, 215, 9, 122, 29, 23, 238, 250, 22, 90, 216, 207, 274, 194, 133, 235, 213, 221, 160, 52, 16, 92, 107, 48, 233, 248, 62, 198, 158, 1, 159, 146, 58, 31, 95, 186, 220, 144, 188, 224, 66, 147, 143, 254, 5, 185, 80, 276, 84, 203, 70, 191, 244, 266, 86, 209, 101, 179, 65, 178, 167, 227, 190, 135, 176, 94, ]
Tiempo de ejecucion: PT0.222972524S
-------------------------
-------------------------
semilla = 283
funcion de costo : 78.00000000001224
[52, 16, 233, 274, 198, 220, 215, 216, 248, 207, 48, 107, 92, 75, 191, 244, 62, 232, 12, 150, 119, 30, 117, 39, 179, 56, 101, 176, 167, 178, 241, 94, 65, 209, 135, 190, 227, 86, 266, 70, 203, 84, 238, 194, 143, 166, 29, 90, 31, 58, 186, 224, 66, 221, 147, 122, 185, 160, 200, 264, 133, 250, 158, 235, 213, 159, 1, 9, 188, 146, 144, 80, 23, 276, 95, 22, 5, 254, ]
Tiempo de ejecucion: PT0.246667558S
-------------------------
Tiempo de ejecucion: PT0.241416482S
-------------------------
-------------------------
semilla = 529
funcion de costo : 78.00000000001047
[144, 188, 95, 31, 216, 9, 80, 5, 52, 66, 274, 84, 221, 147, 213, 276, 159, 1, 158, 200, 75, 191, 107, 92, 16, 70, 166, 58, 146, 29, 248, 233, 244, 62, 122, 254, 133, 235, 186, 224, 23, 264, 203, 12, 150, 48, 207, 90, 160, 22, 250, 220, 215, 143, 185, 198, 238, 194, 232, 266, 86, 94, 65, 179, 117, 39, 101, 209, 176, 30, 178, 241, 56, 119, 167, 135, 227, 190, ]
Tiempo de ejecucion: PT0.246461520S
-------------------------
-------------------------
semilla = 586
funcion de costo : 78.0000000000123
[209, 101, 65, 94, 167, 178, 150, 12, 232, 62, 250, 159, 90, 198, 158, 213, 276, 235, 84, 80, 29, 133, 146, 216, 207, 244, 23, 224, 58, 1, 9, 5, 66, 221, 215, 274, 143, 254, 203, 107, 48, 70, 16, 92, 75, 200, 220, 144, 147, 186, 160, 31, 95, 188, 185, 122, 52, 194, 22, 248, 264, 166, 238, 233, 191, 266, 86, 135, 190, 227, 119, 176, 56, 179, 117, 30, 241, 39, ]
Tiempo de ejecucion: PT0.234555635S
-------------------------
Tiempo de ejecucion: PT0.247402312S
-------------------------
Tiempo de ejecucion: PT0.275729323S
-------------------------
Tiempo de ejecucion: PT0.238503097S
-------------------------
Tiempo de ejecucion: PT0.271865391S
-------------------------
-------------------------
semilla = 286
funcion de costo : 78.00000000001256
[29, 248, 254, 143, 194, 200, 122, 250, 215, 166, 70, 266, 86, 227, 190, 135, 176, 30, 39, 117, 179, 56, 241, 94, 167, 178, 65, 101, 209, 119, 150, 12, 203, 232, 264, 90, 207, 191, 244, 233, 48, 75, 107, 92, 16, 52, 238, 5, 133, 274, 66, 158, 221, 160, 276, 186, 235, 58, 1, 144, 220, 216, 146, 198, 62, 23, 9, 188, 213, 31, 80, 185, 22, 95, 224, 147, 84, 159, ]
Tiempo de ejecucion: PT0.231809822S
-------------------------
-------------------------
semilla = 966
funcion de costo : 78.00000000001288
[235, 58, 188, 185, 276, 95, 215, 200, 248, 194, 250, 220, 186, 144, 22, 146, 133, 52, 66, 224, 23, 158, 143, 274, 207, 90, 238, 198, 160, 221, 147, 84, 80, 29, 213, 159, 1, 9, 122, 166, 5, 31, 216, 244, 264, 232, 62, 254, 203, 12, 70, 266, 150, 119, 227, 190, 135, 167, 176, 101, 179, 56, 39, 117, 30, 65, 94, 241, 178, 209, 86, 107, 233, 48, 75, 191, 16, 92, ]
Tiempo de ejecucion: PT0.235849351S
-------------------------
-------------------------
semilla = 979
funcion de costo : 78.00000000001224
[233, 274, 186, 95, 188, 9, 23, 224, 66, 90, 194, 84, 238, 216, 5, 203, 264, 133, 254, 232, 12, 70, 92, 16, 107, 244, 191, 207, 248, 22, 144, 159, 235, 1, 158, 200, 52, 62, 160, 250, 122, 143, 220, 276, 147, 31, 213, 185, 198, 146, 221, 80, 29, 215, 58, 166, 75, 48, 150, 266, 86, 94, 56, 39, 30, 117, 179, 65, 241, 178, 167, 227, 119, 209, 101, 176, 135, 190, ]
Tiempo de ejecucion: PT0.257533743S
-------------------------
Tiempo de ejecucion: PT0.270169874S
-------------------------
-------------------------
semilla = 211
funcion de costo : 78.00000000001143
[213, 185, 160, 221, 188, 186, 95, 235, 29, 80, 250, 238, 244, 191, 16, 92, 107, 150, 119, 227, 190, 135, 94, 241, 178, 167, 176, 101, 39, 30, 117, 56, 179, 65, 209, 86, 266, 233, 48, 75, 52, 216, 224, 220, 200, 90, 264, 232, 254, 5, 62, 194, 198, 23, 22, 276, 159, 1, 158, 143, 31, 147, 133, 248, 207, 12, 70, 274, 215, 166, 58, 122, 66, 203, 84, 146, 9, 144, ]
Tiempo de ejecucion: PT0.237791562S
-------------------------
Tiempo de ejecucion: PT0.269798163S
-------------------------
Tiempo de ejecucion: PT0.183459637S
-------------------------
Tiempo de ejecucion: PT0.245279491S
-------------------------
Tiempo de ejecucion: PT0.192793979S
-------------------------
Tiempo de ejecucion: PT0.213099561S
-------------------------
Tiempo de ejecucion: PT0.178493855S
-------------------------
Tiempo de ejecucion: PT0.227383151S
-------------------------
Tiempo de ejecucion: PT0.210488013S
-------------------------
Tiempo de ejecucion: PT0.182740470S
-------------------------
Tiempo de ejecucion: PT0.246230712S
-------------------------
Tiempo de ejecucion: PT0.245140065S
-------------------------
-------------------------
semilla = 678
funcion de costo : 78.00000000001114
[80, 166, 194, 207, 232, 248, 200, 66, 23, 244, 107, 86, 94, 65, 179, 117, 39, 101, 209, 119, 30, 241, 56, 176, 135, 190, 227, 167, 178, 150, 12, 203, 52, 16, 92, 75, 191, 70, 266, 48, 233, 274, 250, 220, 31, 29, 235, 133, 254, 122, 9, 215, 276, 144, 224, 160, 221, 147, 213, 158, 188, 95, 22, 84, 159, 1, 58, 146, 216, 185, 143, 90, 186, 198, 238, 5, 264, 62, ]
Tiempo de ejecucion: PT0.224030981S
-------------------------
Tiempo de ejecucion: PT0.192339712S
-------------------------
Tiempo de ejecucion: PT0.290558833S
-------------------------
Tiempo de ejecucion: PT0.195294094S
-------------------------
Tiempo de ejecucion: PT0.257619511S
-------------------------
-------------------------
semilla = 564
funcion de costo : 78.00000000001091
[135, 190, 227, 167, 176, 94, 56, 101, 179, 65, 178, 209, 86, 266, 232, 48, 191, 203, 84, 221, 147, 159, 188, 144, 146, 200, 122, 185, 213, 186, 95, 31, 90, 215, 58, 224, 66, 133, 52, 5, 62, 254, 23, 158, 1, 9, 235, 216, 276, 80, 166, 75, 107, 70, 92, 16, 233, 248, 22, 194, 143, 274, 264, 29, 160, 198, 220, 250, 244, 238, 207, 12, 150, 119, 30, 117, 39, 241, ]
Tiempo de ejecucion: PT0.219131372S
-------------------------
Tiempo de ejecucion: PT0.210875332S
-------------------------
-------------------------
semilla = 302
funcion de costo : 78.00000000001165
[216, 220, 198, 166, 66, 147, 84, 235, 29, 250, 159, 185, 5, 276, 158, 224, 80, 23, 146, 122, 200, 75, 92, 70, 16, 233, 107, 86, 227, 190, 135, 209, 101, 65, 179, 39, 241, 178, 30, 117, 56, 94, 176, 167, 119, 150, 12, 232, 266, 48, 207, 90, 22, 95, 188, 144, 1, 58, 215, 9, 186, 213, 31, 62, 194, 254, 143, 133, 52, 191, 244, 248, 238, 203, 274, 264, 160, 221, ]
Tiempo de ejecucion: PT0.216776800S
-------------------------
Tiempo de ejecucion: PT0.237576827S
-------------------------
-------------------------
semilla = 308
funcion de costo : 78.00000000001184
[203, 70, 274, 84, 235, 1, 159, 62, 29, 80, 31, 276, 160, 194, 52, 133, 9, 122, 58, 215, 95, 186, 213, 158, 188, 224, 147, 66, 146, 144, 185, 221, 166, 238, 264, 198, 200, 248, 22, 220, 250, 5, 216, 90, 254, 143, 23, 244, 266, 86, 227, 190, 135, 209, 94, 241, 30, 119, 167, 176, 101, 39, 179, 117, 56, 65, 178, 150, 12, 207, 48, 232, 233, 16, 92, 107, 191, 75, ]
Tiempo de ejecucion: PT0.236606788S
-------------------------
-------------------------
semilla = 201
funcion de costo : 78.0000000000118
[232, 12, 207, 191, 233, 238, 200, 147, 144, 188, 185, 122, 274, 31, 95, 9, 186, 213, 159, 23, 276, 158, 224, 66, 216, 58, 220, 215, 80, 235, 133, 248, 29, 62, 194, 143, 254, 52, 160, 166, 221, 84, 203, 75, 92, 16, 48, 70, 107, 150, 119, 94, 241, 65, 56, 101, 179, 117, 39, 30, 176, 178, 167, 227, 190, 135, 209, 86, 266, 244, 90, 5, 264, 198, 250, 22, 146, 1, ]
Tiempo de ejecucion: PT0.260588996S
-------------------------
Tiempo de ejecucion: PT0.258100273S
-------------------------
Tiempo de ejecucion: PT0.264850367S
-------------------------
Tiempo de ejecucion: PT0.228303790S
-------------------------
Tiempo de ejecucion: PT0.213170204S
-------------------------
Tiempo de ejecucion: PT0.234502602S
-------------------------
-------------------------
semilla = 680
funcion de costo : 78.0000000000134
[90, 31, 122, 147, 5, 185, 160, 166, 23, 244, 191, 16, 52, 264, 29, 159, 250, 158, 221, 80, 84, 276, 213, 235, 133, 254, 194, 248, 238, 198, 186, 146, 188, 9, 1, 58, 144, 22, 220, 200, 75, 92, 107, 150, 12, 207, 48, 70, 274, 143, 215, 95, 224, 66, 216, 62, 203, 233, 232, 266, 86, 227, 190, 135, 94, 65, 179, 117, 39, 101, 209, 56, 241, 178, 119, 30, 176, 167, ]
Tiempo de ejecucion: PT0.222243504S
-------------------------
Tiempo de ejecucion: PT0.298440601S
-------------------------
Tiempo de ejecucion: PT0.248434476S
-------------------------
Tiempo de ejecucion: PT0.270404227S
-------------------------
Tiempo de ejecucion: PT0.246654840S
-------------------------
Tiempo de ejecucion: PT0.190717627S
-------------------------
Tiempo de ejecucion: PT0.198899480S
-------------------------
Tiempo de ejecucion: PT0.224116189S
-------------------------
Tiempo de ejecucion: PT0.289736085S
-------------------------
-------------------------
semilla = 836
funcion de costo : 78.00000000001093
[215, 220, 143, 159, 1, 158, 188, 186, 122, 9, 84, 80, 166, 70, 266, 150, 178, 30, 117, 39, 179, 65, 209, 135, 190, 227, 119, 56, 176, 101, 241, 94, 167, 86, 107, 92, 75, 200, 250, 198, 90, 244, 216, 160, 221, 147, 29, 264, 203, 62, 185, 5, 23, 22, 95, 31, 213, 146, 58, 224, 66, 274, 233, 48, 232, 254, 194, 52, 16, 191, 12, 207, 238, 248, 133, 144, 276, 235, ]
Tiempo de ejecucion: PT0.244674517S
-------------------------
Tiempo de ejecucion: PT0.274645783S
-------------------------
-------------------------
semilla = 511
funcion de costo : 78.00000000001262
[119, 227, 190, 135, 86, 209, 65, 101, 94, 167, 176, 56, 39, 179, 117, 30, 241, 178, 150, 12, 191, 107, 92, 16, 233, 248, 133, 29, 80, 166, 158, 235, 213, 276, 186, 58, 224, 216, 264, 274, 122, 244, 23, 146, 1, 159, 188, 95, 31, 220, 143, 200, 75, 48, 70, 266, 232, 194, 254, 62, 215, 9, 84, 238, 198, 203, 207, 90, 250, 160, 5, 147, 144, 22, 52, 66, 221, 185, ]
Tiempo de ejecucion: PT0.227616796S
-------------------------
-------------------------
semilla = 582
funcion de costo : 78.00000000000954
[221, 58, 1, 159, 84, 238, 203, 233, 248, 207, 264, 5, 254, 52, 191, 244, 232, 12, 150, 119, 227, 190, 135, 176, 167, 178, 30, 241, 56, 117, 39, 179, 101, 94, 65, 209, 86, 107, 92, 16, 70, 266, 48, 75, 200, 194, 274, 31, 95, 144, 224, 23, 186, 235, 29, 213, 80, 166, 158, 133, 185, 250, 147, 122, 198, 216, 62, 215, 9, 188, 146, 160, 66, 90, 143, 220, 22, 276, ]
Tiempo de ejecucion: PT0.212066494S
-------------------------
Tiempo de ejecucion: PT0.267775478S
-------------------------
Tiempo de ejecucion: PT0.269965238S
-------------------------
Tiempo de ejecucion: PT0.213892113S
-------------------------
-------------------------
semilla = 846
funcion de costo : 78.00000000000924
[107, 70, 191, 207, 274, 143, 23, 254, 5, 159, 133, 144, 9, 1, 95, 22, 248, 90, 238, 244, 62, 232, 12, 150, 178, 30, 39, 179, 117, 56, 119, 227, 190, 135, 167, 94, 176, 101, 241, 65, 209, 86, 266, 233, 16, 92, 75, 48, 52, 122, 160, 221, 188, 224, 66, 203, 198, 220, 31, 213, 158, 58, 186, 235, 216, 215, 276, 146, 200, 264, 29, 147, 84, 185, 250, 80, 166, 194, ]
Tiempo de ejecucion: PT0.222421842S
-------------------------
Tiempo de ejecucion: PT0.219088174S
-------------------------
Tiempo de ejecucion: PT0.234572733S
-------------------------
Tiempo de ejecucion: PT0.266197713S
-------------------------
-------------------------
semilla = 533
funcion de costo : 78.00000000000949
[274, 84, 159, 147, 95, 188, 213, 235, 29, 248, 194, 200, 220, 31, 122, 244, 266, 70, 203, 107, 86, 178, 119, 94, 241, 56, 39, 30, 117, 179, 101, 65, 209, 176, 167, 227, 190, 135, 150, 12, 232, 207, 216, 58, 215, 90, 186, 9, 133, 143, 254, 23, 66, 166, 238, 233, 48, 16, 92, 75, 191, 52, 160, 224, 144, 1, 146, 22, 276, 198, 158, 250, 80, 5, 264, 62, 185, 221, ]
Tiempo de ejecucion: PT0.237802062S
-------------------------
-------------------------
semilla = 541
funcion de costo : 78.00000000001135
[39, 101, 179, 117, 30, 241, 94, 86, 209, 178, 65, 56, 176, 167, 119, 227, 190, 135, 150, 12, 207, 90, 122, 58, 216, 198, 220, 200, 146, 29, 194, 250, 244, 52, 274, 31, 84, 203, 75, 191, 233, 16, 92, 107, 70, 266, 48, 232, 264, 133, 147, 66, 160, 22, 248, 254, 143, 185, 235, 213, 188, 186, 221, 158, 23, 9, 95, 224, 144, 1, 159, 62, 166, 80, 215, 276, 5, 238, ]
Tiempo de ejecucion: PT0.238592257S
-------------------------
Tiempo de ejecucion: PT0.214297619S
-------------------------
-------------------------
semilla = 496
funcion de costo : 78.00000000001303
[238, 233, 244, 191, 16, 107, 92, 75, 52, 48, 150, 167, 135, 190, 227, 119, 30, 176, 209, 101, 179, 117, 56, 39, 241, 94, 65, 178, 86, 266, 232, 254, 5, 274, 194, 200, 248, 216, 220, 215, 158, 198, 23, 276, 31, 143, 159, 1, 235, 186, 90, 62, 29, 122, 58, 185, 144, 188, 9, 95, 22, 160, 221, 213, 147, 84, 250, 80, 166, 70, 203, 12, 207, 264, 133, 146, 66, 224, ]
Tiempo de ejecucion: PT0.245857008S
-------------------------
Tiempo de ejecucion: PT0.239937590S
-------------------------
-------------------------
semilla = 228
funcion de costo : 78.00000000001086
[143, 159, 9, 95, 215, 62, 248, 250, 203, 274, 207, 12, 232, 194, 254, 90, 66, 122, 147, 221, 84, 80, 213, 31, 224, 188, 158, 276, 146, 22, 220, 200, 75, 48, 266, 86, 94, 167, 178, 209, 101, 176, 56, 65, 179, 117, 39, 241, 30, 119, 227, 190, 135, 150, 107, 92, 16, 233, 191, 244, 216, 52, 70, 166, 160, 185, 5, 238, 198, 264, 133, 144, 235, 1, 58, 186, 23, 29, ]
Tiempo de ejecucion: PT0.243665302S
-------------------------
Tiempo de ejecucion: PT0.284038046S
-------------------------
Tiempo de ejecucion: PT0.268381681S
-------------------------
Tiempo de ejecucion: PT0.207413927S
-------------------------
Tiempo de ejecucion: PT0.257390312S
-------------------------
Tiempo de ejecucion: PT0.259973602S
-------------------------
Tiempo de ejecucion: PT0.212173298S
-------------------------
Tiempo de ejecucion: PT0.251152705S
-------------------------
-------------------------
semilla = 353
funcion de costo : 78.0000000000118
[200, 166, 70, 203, 66, 31, 122, 185, 198, 143, 254, 23, 250, 244, 52, 16, 233, 48, 150, 167, 119, 56, 179, 117, 30, 39, 241, 94, 101, 176, 209, 65, 178, 135, 190, 227, 86, 266, 107, 92, 75, 191, 207, 12, 232, 62, 248, 133, 264, 274, 194, 216, 159, 90, 215, 220, 224, 186, 213, 221, 58, 158, 1, 146, 160, 22, 95, 9, 188, 144, 276, 235, 147, 29, 80, 84, 238, 5, ]
Tiempo de ejecucion: PT0.235255518S
-------------------------
-------------------------
semilla = 481
funcion de costo : 78.0000000000107
[254, 143, 198, 220, 95, 31, 213, 185, 216, 274, 215, 250, 203, 233, 238, 264, 244, 90, 66, 62, 29, 80, 166, 75, 92, 16, 52, 191, 207, 12, 70, 107, 86, 94, 65, 179, 117, 56, 101, 39, 241, 178, 209, 135, 190, 227, 119, 30, 176, 167, 150, 48, 266, 232, 194, 160, 221, 186, 23, 276, 224, 188, 144, 147, 122, 146, 200, 158, 9, 5, 22, 248, 133, 235, 84, 159, 1, 58, ]
Tiempo de ejecucion: PT0.255787689S
-------------------------
Tiempo de ejecucion: PT0.225965751S
-------------------------
-------------------------
semilla = 434
funcion de costo : 78.00000000001336
[1, 144, 133, 274, 215, 185, 5, 254, 203, 191, 75, 92, 107, 86, 94, 65, 101, 209, 119, 178, 30, 117, 179, 39, 241, 56, 176, 135, 190, 227, 167, 150, 12, 207, 48, 233, 248, 22, 250, 158, 224, 188, 95, 235, 276, 198, 220, 143, 23, 159, 213, 29, 264, 90, 186, 9, 122, 58, 146, 66, 221, 147, 200, 238, 194, 160, 84, 62, 232, 266, 244, 216, 31, 80, 166, 70, 16, 52, ]
Tiempo de ejecucion: PT0.248206400S
-------------------------
-------------------------
semilla = 141
funcion de costo : 78.00000000001243
[84, 235, 213, 188, 186, 147, 122, 133, 144, 185, 221, 215, 274, 250, 80, 224, 95, 1, 158, 220, 198, 238, 52, 194, 62, 160, 31, 22, 146, 66, 143, 159, 23, 264, 207, 191, 233, 248, 29, 276, 5, 9, 58, 216, 244, 266, 86, 107, 12, 232, 254, 90, 200, 203, 75, 166, 70, 92, 16, 48, 150, 178, 167, 119, 227, 190, 135, 94, 241, 65, 209, 176, 30, 101, 179, 56, 117, 39, ]
Tiempo de ejecucion: PT0.248181806S
-------------------------
-------------------------
semilla = 928
funcion de costo : 78.00000000001135
[117, 39, 30, 65, 241, 178, 119, 209, 135, 190, 227, 167, 150, 12, 232, 248, 238, 198, 274, 62, 244, 191, 207, 264, 133, 254, 143, 194, 90, 159, 23, 215, 216, 22, 160, 31, 66, 224, 220, 9, 5, 185, 213, 221, 58, 276, 144, 1, 158, 188, 95, 186, 29, 147, 250, 80, 235, 84, 203, 200, 146, 122, 166, 70, 52, 48, 75, 92, 107, 16, 233, 266, 86, 94, 101, 176, 56, 179, ]
Tiempo de ejecucion: PT0.217081107S
-------------------------
Tiempo de ejecucion: PT0.215954822S
-------------------------
-------------------------
semilla = 516
funcion de costo : 78.00000000001164
[12, 207, 248, 22, 95, 220, 31, 274, 233, 266, 232, 48, 150, 178, 241, 30, 119, 167, 94, 65, 209, 101, 179, 39, 117, 56, 176, 135, 190, 227, 86, 107, 75, 200, 147, 58, 188, 144, 186, 213, 159, 250, 80, 9, 1, 158, 143, 215, 221, 185, 224, 160, 62, 122, 244, 264, 29, 198, 276, 5, 90, 66, 203, 70, 92, 16, 191, 52, 254, 238, 166, 194, 133, 235, 216, 146, 23, 84, ]
Tiempo de ejecucion: PT0.235814767S
-------------------------
-------------------------
semilla = 208
funcion de costo : 78.0000000000108
[166, 75, 191, 266, 233, 107, 16, 92, 70, 274, 215, 160, 90, 254, 122, 146, 29, 248, 22, 144, 188, 213, 80, 221, 158, 66, 198, 194, 84, 203, 200, 147, 186, 58, 31, 224, 23, 143, 185, 5, 276, 95, 220, 250, 244, 52, 238, 264, 216, 9, 133, 235, 1, 159, 62, 232, 12, 207, 48, 150, 178, 241, 65, 179, 39, 117, 56, 101, 30, 119, 176, 167, 94, 86, 209, 135, 190, 227, ]
Tiempo de ejecucion: PT0.241967608S
-------------------------
Tiempo de ejecucion: PT0.207516791S
-------------------------
Tiempo de ejecucion: PT0.244451911S
-------------------------
-------------------------
semilla = 668
funcion de costo : 78.0000000000127
[190, 227, 86, 266, 233, 191, 16, 92, 107, 244, 122, 9, 188, 95, 1, 158, 29, 194, 143, 147, 213, 159, 220, 58, 215, 160, 62, 84, 221, 186, 185, 146, 216, 198, 264, 52, 5, 276, 235, 80, 23, 238, 166, 75, 200, 90, 31, 66, 224, 144, 133, 248, 22, 250, 203, 254, 232, 48, 207, 274, 70, 12, 150, 178, 119, 135, 209, 65, 179, 101, 56, 176, 167, 94, 241, 39, 30, 117, ]
Tiempo de ejecucion: PT0.224838817S
-------------------------
Tiempo de ejecucion: PT0.204098120S
-------------------------
Tiempo de ejecucion: PT0.233512280S
-------------------------
Tiempo de ejecucion: PT0.204265863S
-------------------------
-------------------------
semilla = 196
funcion de costo : 78.00000000001252
[224, 23, 215, 220, 9, 1, 158, 186, 235, 144, 133, 194, 84, 276, 213, 188, 159, 31, 95, 22, 160, 143, 147, 80, 166, 238, 233, 266, 244, 207, 191, 16, 92, 75, 200, 52, 216, 274, 198, 146, 66, 221, 58, 185, 5, 203, 107, 86, 167, 94, 65, 179, 39, 117, 56, 176, 30, 119, 227, 190, 135, 209, 101, 241, 178, 150, 12, 70, 48, 232, 62, 264, 29, 248, 90, 254, 122, 250, ]
Tiempo de ejecucion: PT0.215475348S
-------------------------
Tiempo de ejecucion: PT0.247347642S
-------------------------
-------------------------
semilla = 175
funcion de costo : 78.0000000000104
[159, 276, 216, 224, 188, 95, 215, 220, 58, 1, 146, 200, 147, 186, 144, 22, 133, 274, 31, 66, 221, 84, 9, 235, 29, 213, 80, 250, 238, 194, 90, 166, 203, 198, 122, 158, 143, 185, 160, 23, 264, 5, 254, 62, 248, 233, 16, 191, 70, 12, 232, 207, 48, 150, 178, 94, 241, 65, 56, 179, 117, 39, 30, 101, 176, 167, 119, 227, 190, 135, 209, 86, 266, 244, 52, 75, 107, 92, ]
Tiempo de ejecucion: PT0.245636494S
-------------------------
Tiempo de ejecucion: PT0.241657253S
-------------------------
-------------------------
semilla = 630
funcion de costo : 78.00000000001098
[190, 135, 119, 209, 65, 179, 56, 176, 167, 227, 86, 266, 232, 194, 166, 200, 250, 52, 16, 92, 107, 70, 48, 75, 191, 244, 23, 254, 62, 31, 224, 276, 22, 159, 29, 235, 58, 216, 160, 221, 66, 147, 5, 186, 143, 158, 1, 146, 122, 84, 90, 207, 274, 264, 238, 233, 248, 133, 144, 188, 95, 220, 9, 215, 80, 213, 185, 198, 203, 12, 150, 178, 30, 241, 94, 101, 39, 117, ]
Tiempo de ejecucion: PT0.249545017S
-------------------------
Tiempo de ejecucion: PT0.240384379S
-------------------------
-------------------------
semilla = 328
funcion de costo : 78.00000000001253
[75, 203, 166, 221, 58, 1, 235, 80, 29, 213, 31, 224, 23, 66, 160, 22, 90, 84, 276, 158, 122, 244, 52, 133, 144, 188, 159, 5, 147, 9, 215, 185, 250, 238, 216, 264, 62, 274, 186, 95, 220, 143, 194, 198, 146, 200, 248, 254, 232, 12, 70, 107, 92, 16, 233, 191, 266, 86, 135, 190, 227, 167, 176, 56, 209, 101, 179, 39, 117, 30, 119, 94, 241, 65, 178, 150, 48, 207, ]
Tiempo de ejecucion: PT0.222500400S
-------------------------
Tiempo de ejucucion total: PT23.595293746S
numero de soluciones factibles: 37
numero de semillas totales: 100
